1 0.018688024408848206 0.35970636215334423 0.03737604881769641 0.0701468189233279
1 0.33676582761250956 0.4722675367047308 0.041952707856598014 0.10277324632952692
1 0.2597254004576659 0.48776508972267535 0.11060259344012205 0.1533442088091354
0 0.4603356216628528 0.6092985318107668 0.2601067887109077 0.4159869494290375
1 0.16323417238749047 0.5375203915171288 0.09000762776506484 0.19738988580750408
0 0.6678108314263921 0.35970636215334423 0.18688024408848208 0.14518760195758565
1 0.06407322654462243 0.6158238172920065 0.12204424103737604 0.14192495921696574
1 0.043859649122807015 0.664763458401305 0.08466819221967964 0.13866231647634583
1 0.795957284515637 0.5391517128874388 0.05110602593440122 0.14845024469820556
1 0.8409610983981693 0.534257748776509 0.03737604881769641 0.14192495921696574
