1 0.39473684210526316 0.15579119086460033 0.05415713196033562 0.0701468189233279
0 0.5999237223493517 0.199836867862969 0.12738367658276126 0.14518760195758565
1 0.5026697177726926 0.3442088091353997 0.07627765064836003 0.2544861337683524
1 0.7379862700228833 0.28711256117455136 0.04805491990846682 0.10440456769983687
1 0.2498093058733791 0.300163132137031 0.10450038138825324 0.11092985318107668
0 0.8653699466056446 0.399673735725938 0.2601067887109077 0.2544861337683524
0 0.9347826086956522 0.300163132137031 0.12433257055682685 0.1598694942903752
1 0.2208237986270023 0.39804241435562804 0.05415713196033562 0.1598694942903752
1 0.5137299771167048 0.16721044045676997 0.04652936689549962 0.08972267536704731
1 0.2151029748283753 0.13132137030995106 0.018306636155606407 0.0636215334420881
1 0.9115179252479023 0.21615008156606852 0.02440884820747521 0.06035889070146819
1 0.8569794050343249 0.24306688417618272 0.02364607170099161 0.06199021207177814
