1 0.055301296720061024 0.6256117455138662 0.11060259344012205 0.2169657422512235
1 0.32494279176201374 0.46818923327895595 0.06102212051868802 0.10766721044045677
1 0.019450800915331808 0.35889070146818924 0.038901601830663615 0.07177814029363784
1 0.7482837528604119 0.38743882544861336 0.07780320366132723 0.12561174551386622
1 0.16209000762776507 0.5391517128874388 0.09992372234935164 0.19086460032626426
1 0.40198321891685734 0.4429037520391517 0.06559877955758962 0.14845024469820556
1 0.555301296720061 0.3474714518760196 0.06559877955758962 0.11745513866231648
1 0.26735316552250193 0.48776508972267535 0.09992372234935164 0.12398042414355628
1 0.7948131197559115 0.5399673735725938 0.05339435545385202 0.1533442088091354
1 0.8443935926773455 0.5497553017944535 0.05034324942791762 0.1566068515497553
1 0.06292906178489703 0.5954323001631321 0.11517925247902365 0.1533442088091354
1 0.09077040427154844 0.5595432300163132 0.10373760488176964 0.1533442088091354
