1 0.43516399694889396 0.16150081566068517 0.05568268497330282 0.08156606851549755
1 0.5427154843630816 0.15742251223491027 0.05110602593440122 0.0864600326264274
1 0.02402745995423341 0.5587275693311582 0.04805491990846682 0.14845024469820556
1 0.3131197559115179 0.2275693311582382 0.05873379099923722 0.10929853181076672
1 0.2139588100686499 0.27487765089722677 0.10297482837528604 0.10929853181076672
1 0.5408085430968727 0.300163132137031 0.059496567505720827 0.21207177814029363
1 0.6434019832189168 0.17210440456769985 0.04958047292143402 0.08319738988580751
1 0.5808543096872616 0.16231647634584012 0.05110602593440122 0.08972267536704731
0 0.9229595728451564 0.3132137030995106 0.14950419527078565 0.1859706362153344
1 0.6674294431731502 0.3278955954323002 0.07017543859649122 0.20880913539967375
