1 0.2658276125095347 0.4706362153344209 0.04500381388253242 0.16476345840130505
1 0.5491990846681922 0.45758564437194127 0.07475209763539283 0.18107667210440456
1 0.5335621662852784 0.3450244698205546 0.05568268497330282 0.09951060358890701
1 0.4477498093058734 0.3466557911908646 0.04576659038901602 0.0734094616639478
1 0.7101449275362319 0.5570962479608483 0.14340198321891687 0.18760195758564438
1 0.4855072463768116 0.4110929853181077 0.05110602593440122 0.1533442088091354
1 0.6727688787185355 0.3800978792822186 0.07780320366132723 0.1272430668841762
1 0.5942028985507246 0.46900489396411094 0.07322654462242563 0.21044045676998369
1 0.41723874904652936 0.5 0.07627765064836003 0.2398042414355628
1 0.8222730739893211 0.5375203915171288 0.06102212051868802 0.14845024469820556
1 0.7635392829900839 0.5375203915171288 0.07322654462242563 0.16802610114192496
1 0.036613272311212815 0.38825448613376834 0.02135774218154081 0.09787928221859707
