0 0.7341723874904653 0.17781402936378465 0.10144927536231885 0.10766721044045677
1 0.6700991609458429 0.3450244698205546 0.12890922959572845 0.19086460032626426
1 0.44279176201373 0.15252854812398042 0.05263157894736842 0.0864600326264274
0 0.6372997711670481 0.233278955954323 0.18230358504958047 0.18270799347471453
1 0.9016018306636155 0.2797716150081566 0.04729214340198322 0.09951060358890701
1 0.9347826086956522 0.28548123980424145 0.034324942791762014 0.08482871125611746
1 0.958047292143402 0.2895595432300163 0.03813882532418002 0.0799347471451876
1 0.8615560640732265 0.2030995106035889 0.031273836765827616 0.0766721044045677
1 0.9218154080854309 0.2039151712887439 0.02517162471395881 0.05546492659053834
1 0.9900839054157132 0.22593800978792822 0.015255530129672006 0.053833605220228384
1 0.30701754385964913 0.1370309951060359 0.02822273073989321 0.05872756933115824
