1 0.5571654373024236 0.44951590594744123 0.05742887249736565 0.18810511756569848
1 0.02054794520547945 0.3603042876901798 0.0410958904109589 0.07330567081604426
1 0.16517386722866176 0.5366528354080221 0.09325605900948367 0.1991701244813278
1 0.40173867228661747 0.4488243430152144 0.06585879873551106 0.1396957123098202
0 0.7125922023182297 0.8195020746887967 0.5590094836670179 0.35269709543568467
1 0.3103266596417281 0.48824343015214383 0.08640674394099052 0.2157676348547718
1 0.7897787144362487 0.5435684647302904 0.0410958904109589 0.16597510373443983
1 0.8414120126448894 0.5491009681881052 0.040042149631190724 0.1632088520055325
1 0.6635932560590094 0.3748271092669433 0.058482613277133826 0.11618257261410789
1 0.06138040042149631 0.607192254495159 0.12065331928345627 0.17427385892116182
