1 0.052160168598524764 0.632088520055325 0.10432033719704953 0.21023513139695713
1 0.7360379346680717 0.38589211618257263 0.07481559536354057 0.13278008298755187
1 0.018967334035827187 0.3603042876901798 0.037934668071654375 0.07053941908713693
1 0.3377239199157007 0.47164591977869985 0.0410958904109589 0.10511756569847856
1 0.2613277133825079 0.48824343015214383 0.11275026343519494 0.15214384508990317
1 0.16385669125395153 0.5387275242047026 0.09062170706006323 0.19778699861687413
1 0.6143308746048473 0.36099585062240663 0.07165437302423604 0.12448132780082988
1 0.43124341412012646 0.35477178423236516 0.05637513171759747 0.1037344398340249
1 0.55927291886196 0.4260027662517289 0.038461538461538464 0.1825726141078838
1 0.06691253951527924 0.6085753803596127 0.11275026343519494 0.14661134163208853
1 0.49552160168598525 0.35200553250345784 0.04267650158061117 0.11203319502074689
