1 0.5450474183350895 0.2517289073305671 0.04689146469968388 0.1632088520055325
0 0.6195995785036881 0.1798063623789765 0.12012644889357219 0.09681881051175657
1 0.4994731296101159 0.34232365145228216 0.0779768177028451 0.2669432918395574
0 0.9465226554267651 0.32710926694329184 0.10590094836670179 0.15629322268326418
1 0.7913593256059009 0.3450899031811895 0.08324552160168598 0.14246196403872752
1 0.42492096944151736 0.15006915629322268 0.05321390937829294 0.08437067773167359
1 0.18124341412012646 0.623789764868603 0.17702845100105374 0.40110650069156295
1 0.16622760800842992 0.2745504840940526 0.04899894625922023 0.11203319502074689
1 0.2078503688092729 0.2676348547717842 0.04899894625922023 0.15352697095435686
1 0.7170706006322445 0.1715076071922545 0.03582718651211802 0.07468879668049792
