1 0.5021074815595363 0.156984785615491 0.05795574288724974 0.07607192254495158
1 0.20995785036880926 0.36721991701244816 0.06691253951527924 0.19225449515905949
1 0.636986301369863 0.27040110650069155 0.07481559536354057 0.15629322268326418
1 0.7766069546891464 0.38450899031811897 0.0916754478398314 0.20193637621023514
1 0.5453108535300316 0.21161825726141079 0.07165437302423604 0.11065006915629322
1 0.49367755532139096 0.3699861687413555 0.08324552160168598 0.2475795297372061
1 0.7355110642781876 0.29114799446749656 0.05268703898840885 0.1037344398340249
0 0.8967334035827187 0.2033195020746888 0.08008429926238145 0.08022130013831259
0 0.797945205479452 0.7247579529737206 0.3998946259220232 0.5062240663900415
1 0.2528977871443625 0.2863070539419087 0.08324552160168598 0.14937759336099585
