0 0.3040042149631191 0.5255878284923928 0.5489989462592202 0.42047026279391425
1 0.40911485774499473 0.21991701244813278 0.05005268703898841 0.14384508990318118
0 0.7613277133825079 0.17704011065006917 0.12539515279241306 0.10511756569847856
1 0.6714963119072708 0.3457814661134163 0.10168598524762908 0.22959889349930843
1 0.5661222339304531 0.2517289073305671 0.07744994731296101 0.14384508990318118
1 0.8914646996838778 0.20262793914246197 0.03161222339304531 0.06500691562932227
1 0.6322444678609063 0.16804979253112035 0.0505795574288725 0.0954356846473029
1 0.547154899894626 0.15560165975103735 0.06375131717597471 0.09266943291839558
1 0.4678609062170706 0.1479944674965422 0.04847207586933614 0.10235131396957123
1 0.3071654373024236 0.20885200553250347 0.03477344573234984 0.13831258644536654
1 0.1696522655426765 0.16459197786998617 0.03477344573234984 0.10235131396957123
1 0.2268177028451001 0.13208852005532504 0.02476290832455216 0.08160442600276625
