1 0.6438356164383562 0.3603042876901798 0.07060063224446786 0.10926694329183956
1 0.03714436248682824 0.5822959889349931 0.07428872497365648 0.14384508990318118
1 0.5147523709167545 0.33955739972337484 0.06006322444678609 0.12033195020746888
1 0.8171759747102213 0.4017980636237898 0.07270811380400422 0.09820193637621023
1 0.3071654373024236 0.4702627939142462 0.06743940990516333 0.14384508990318118
1 0.7370916754478398 0.5622406639004149 0.07692307692307693 0.18672199170124482
1 0.7889884088514225 0.5477178423236515 0.02160168598524763 0.16044260027662519
1 0.833245521601686 0.5477178423236515 0.03108535300316122 0.15767634854771784
1 0.43045310853530033 0.33748271092669435 0.04847207586933614 0.08575380359612725
1 0.3340358271865121 0.34854771784232363 0.032665964172813484 0.0995850622406639
