0 0.585812356979405 0.34828711256117456 0.13424866514111367 0.12561174551386622
1 0.08161708619374523 0.5530179445350734 0.07932875667429443 0.1859706362153344
1 0.02288329519450801 0.564437194127243 0.04576659038901602 0.1729200652528548
1 0.4950419527078566 0.5236541598694943 0.10678871090770405 0.26101141924959215
1 0.4607170099160946 0.33931484502446985 0.059496567505720827 0.11419249592169657
1 0.7170099160945843 0.5799347471451876 0.09305873379099924 0.19086460032626426
1 0.35583524027459956 0.47879282218597063 0.10602593440122045 0.2137030995106036
1 0.3016781083142639 0.4641109298531811 0.08771929824561403 0.12887438825448613
1 0.795957284515637 0.5399673735725938 0.03585049580472922 0.1729200652528548
1 0.8382913806254767 0.5350734094616639 0.032036613272311214 0.1598694942903752
1 0.7452326468344775 0.5146818923327896 0.04271548436308162 0.16476345840130505
