1 0.05263157894736842 0.6296900489396411 0.10526315789473684 0.21533442088091354
1 0.018688024408848206 0.35970636215334423 0.03737604881769641 0.0734094616639478
1 0.16628527841342486 0.5383360522022839 0.09153318077803203 0.19249592169657423
1 0.40122044241037375 0.45024469820554647 0.06559877955758962 0.13050570962479607
1 0.4824561403508772 0.37112561174551384 0.02822273073989321 0.13539967373572595
1 0.7951945080091534 0.5399673735725938 0.04652936689549962 0.17944535073409462
1 0.8405797101449275 0.5538336052202284 0.041189931350114416 0.18760195758564438
1 0.43249427917620137 0.3401305057096248 0.04729214340198322 0.10603588907014681
1 0.26849733028222733 0.48858075040783033 0.09763539282990084 0.13866231647634583
1 0.06750572082379863 0.6027732463295269 0.11517925247902365 0.14192495921696574
1 0.959954233409611 0.532626427406199 0.02822273073989321 0.13866231647634583
