1 0.12433257055682685 0.601957585644372 0.11899313501144165 0.1859706362153344
1 0.2219679633867277 0.5269168026101142 0.04576659038901602 0.10766721044045677
1 0.05148741418764302 0.8792822185970636 0.10297482837528604 0.21533442088091354
1 0.4080854309687262 0.3295269168026101 0.07322654462242563 0.08156606851549755
1 0.7101449275362319 0.5530179445350734 0.14340198321891687 0.19249592169657423
1 0.5846681922196796 0.3539967373572594 0.07093821510297482 0.12398042414355628
1 0.26735316552250193 0.4763458401305057 0.041952707856598014 0.1631321370309951
1 0.7761250953470633 0.534257748776509 0.03737604881769641 0.17781402936378465
1 0.8299008390541571 0.5448613376835236 0.05186880244088482 0.1468189233278956
1 0.03470633104500381 0.3833605220228385 0.02212051868802441 0.08482871125611746
