1 0.6323417238749046 0.19820554649265906 0.059496567505720827 0.08972267536704731
0 0.9363081617086194 0.299347471451876 0.12280701754385964 0.14845024469820556
0 0.5854309687261632 0.1729200652528548 0.12280701754385964 0.11092985318107668
1 0.4938977879481312 0.19494290375203915 0.06788710907704043 0.09951060358890701
1 0.6887871853546911 0.2765089722675367 0.09458428680396644 0.18107667210440456
1 0.2669717772692601 0.33278955954323003 0.05034324942791762 0.10440456769983687
1 0.2406559877955759 0.27814029363784665 0.05110602593440122 0.0734094616639478
1 0.20061022120518687 0.15497553017944535 0.02135774218154081 0.07177814029363784
1 0.2536231884057971 0.14192495921696574 0.01906941266209001 0.08156606851549755
1 0.2936689549961861 0.13376835236541598 0.015255530129672006 0.06199021207177814
1 0.3154080854309687 0.15823817292006526 0.029748283752860413 0.08156606851549755
1 0.14530892448512586 0.26835236541598695 0.05263157894736842 0.14845024469820556
1 0.7280701754385965 0.20473083197389885 0.04042715484363082 0.09624796084828711
1 0.9286803966437833 0.21207177814029363 0.02212051868802441 0.06199021207177814
