1 0.2498093058733791 0.30179445350734097 0.10297482837528604 0.11419249592169657
1 0.5930587337909993 0.24877650897226752 0.05263157894736842 0.16476345840130505
0 0.9298245614035088 0.29200652528548127 0.13424866514111367 0.1566068515497553
1 0.7402745995423341 0.300163132137031 0.05568268497330282 0.11745513866231648
1 0.2292143401983219 0.3841761827079935 0.04042715484363082 0.16476345840130505
1 0.2299771167048055 0.15579119086460033 0.02364607170099161 0.0734094616639478
1 0.17581998474446986 0.1639477977161501 0.02212051868802441 0.0766721044045677
0 0.6563691838291381 0.19086460032626426 0.13653699466056446 0.13050570962479607
1 0.8546910755148741 0.2463295269168026 0.02822273073989321 0.052202283849918436
1 0.6674294431731502 0.21941272430668843 0.06102212051868802 0.11256117455138662
