1 0.018688024408848206 0.35807504078303426 0.03737604881769641 0.0701468189233279
0 0.5144927536231884 0.45921696574225124 0.16704805491990846 0.2267536704730832
1 0.16666666666666666 0.5375203915171288 0.08771929824561403 0.19738988580750408
1 0.7208237986270023 0.5562805872756933 0.13119755911517925 0.27732463295269166
1 0.6300533943554538 0.3605220228384992 0.06102212051868802 0.11092985318107668
1 0.3112128146453089 0.4632952691680261 0.09305873379099924 0.13376835236541598
1 0.2662090007627765 0.4738988580750408 0.10526315789473684 0.13539967373572595
1 0.09305873379099924 0.5587275693311582 0.09458428680396644 0.15497553017944535
1 0.06331045003813883 0.601957585644372 0.11746758199847444 0.1500815660685155
1 0.04538520213577422 0.666394779771615 0.08314263920671243 0.13539967373572595
