1 0.04881769641495042 0.632137030995106 0.09763539282990084 0.2137030995106036
1 0.02021357742181541 0.35970636215334423 0.04042715484363082 0.0701468189233279
1 0.40465293668954994 0.4535073409461664 0.060259344012204424 0.11092985318107668
1 0.33752860411899316 0.5122349102773246 0.10450038138825324 0.21859706362153344
0 0.5232646834477498 0.3295269168026101 0.14797864225781845 0.12398042414355628
0 0.5812356979405034 0.535889070146819 0.16628527841342486 0.28874388254486133
1 0.5160183066361556 0.40212071778140296 0.04500381388253242 0.14192495921696574
1 0.17238749046529367 0.5440456769983687 0.07932875667429443 0.16476345840130505
1 0.09267734553775744 0.5579119086460033 0.10450038138825324 0.1533442088091354
1 0.06331045003813883 0.601957585644372 0.11899313501144165 0.1533442088091354
1 0.28565980167810834 0.46574225122349105 0.06331045003813883 0.11582381729200653
