0 0.40437302423603794 0.156984785615491 0.09536354056902002 0.1037344398340249
1 0.7497365648050579 0.23997233748271093 0.0547945205479452 0.07053941908713693
0 0.9362486828240253 0.2966804979253112 0.12539515279241306 0.15629322268326418
0 0.5903582718651211 0.27040110650069155 0.18703898840885141 0.21715076071922546
1 0.7015279241306639 0.2863070539419087 0.03424657534246575 0.1078838174273859
1 0.690463645943098 0.17012448132780084 0.04794520547945205 0.07468879668049792
1 0.3148050579557429 0.16874135546334718 0.04689146469968388 0.09405255878284924
1 0.2291886195995785 0.3686030428769018 0.051633298208640675 0.14522821576763487
1 0.2160168598524763 0.2835408022130014 0.09799789251844046 0.12448132780082988
1 0.2160168598524763 0.12586445366528354 0.01791359325605901 0.0636237897648686
