1 0.2613277133825079 0.48616874135546334 0.1095890410958904 0.15629322268326418
1 0.33798735511064276 0.47372060857538034 0.04373024236037935 0.1037344398340249
1 0.018967334035827187 0.3603042876901798 0.037934668071654375 0.07330567081604426
1 0.16148577449947313 0.5394190871369294 0.09536354056902002 0.1991701244813278
1 0.4027924130663857 0.4529737206085754 0.06585879873551106 0.12863070539419086
1 0.714172813487882 0.3900414937759336 0.07850368809272919 0.1355463347164592
1 0.6219704952581665 0.3575380359612725 0.06585879873551106 0.11756569847856155
0 0.3925184404636459 0.32503457814661135 0.1095890410958904 0.09405255878284924
1 0.07692307692307693 0.6251728907330567 0.09378292939936776 0.12448132780082988
1 0.05005268703898841 0.669432918395574 0.08640674394099052 0.1355463347164592
